-----------------------------------------------------
-----------------------------------------------------
NOTES: Testing recursion limit for quicksort on randomly generated arrays
-----------------------------------------------------
[27.0, 545.0, 272.0, 357.0, 510.0, 676.0, 825.0, 1020.0, 1199.0, 1422.0, 1562.0, 1759.0, 1966.0, 2222.0, 2554.0, 2632.0, 2873.0, 3148.0, 3391.0, 3662.0, 3884.0]
[1.0, 114.0, 208.0, 343.0, 509.0, 643.0, 805.0, 993.0, 1146.0, 1356.0, 1562.0, 1727.0, 1966.0, 2221.0, 2378.0, 2602.0, 2911.0, 3202.0, 3434.0, 3617.0, 3915.0]
[2.0, 108.0, 202.0, 338.0, 505.0, 645.0, 805.0, 959.0, 1148.0, 1347.0, 1525.0, 1691.0, 1899.0, 2130.0, 2334.0, 2724.0, 2951.0, 3199.0, 3497.0, 3639.0, 3815.0]
[2.0, 106.0, 222.0, 345.0, 470.0, 626.0, 834.0, 948.0, 1172.0, 1316.0, 1521.0, 1727.0, 1914.0, 2134.0, 2353.0, 2608.0, 2871.0, 3156.0, 3353.0, 3494.0, 3751.0]
[2.0, 117.0, 206.0, 336.0, 490.0, 650.0, 758.0, 986.0, 1119.0, 1298.0, 1546.0, 1710.0, 1891.0, 2126.0, 2321.0, 2702.0, 2785.0, 3016.0, 3408.0, 3633.0, 3767.0]
[1.0, 86.0, 198.0, 376.0, 504.0, 631.0, 757.0, 980.0, 1348.0, 1300.0, 1519.0, 1665.0, 1918.0, 2125.0, 2285.0, 2686.0, 2844.0, 2996.0, 3356.0, 3596.0, 3759.0]
[1.0, 86.0, 200.0, 376.0, 495.0, 639.0, 772.0, 930.0, 1083.0, 1284.0, 1500.0, 1690.0, 1906.0, 2095.0, 2287.0, 2674.0, 2779.0, 3015.0, 3325.0, 3582.0, 3789.0]
[1.0, 85.0, 195.0, 373.0, 473.0, 612.0, 763.0, 932.0, 1097.0, 1282.0, 1565.0, 1705.0, 1894.0, 2139.0, 2376.0, 2630.0, 26723.0, 2940.0, 3374.0, 3426.0, 3757.0]
[1.0, 83.0, 197.0, 799.0, 583.0, 738.0, 898.0, 1082.0, 1250.0, 1546.0, 1817.0, 2010.0, 2239.0, 2550.0, 3310.0, 2871.0, 3231.0, 5330.0, 3851.0, 4063.0, 4291.0]
[1.0, 109.0, 226.0, 353.0, 517.0, 717.0, 868.0, 1263.0, 1198.0, 1425.0, 1543.0, 1742.0, 2088.0, 2246.0, 2548.0, 3452.0, 3202.0, 3442.0, 3487.0, 3717.0, 4279.0]
[1.0, 90.0, 206.0, 376.0, 486.0, 706.0, 1006.0, 978.0, 1236.0, 1253.0, 1474.0, 1633.0, 1851.0, 2047.0, 2257.0, 2477.0, 2688.0, 2936.0, 3100.0, 3476.0, 4091.0]
[1.0, 101.0, 205.0, 585.0, 480.0, 667.0, 825.0, 1111.0, 1181.0, 3410.0, 1719.0, 2123.0, 3466.0, 2599.0, 2626.0, 2986.0, 3052.0, 3574.0, 3513.0, 3715.0, 4436.0]
[1.0, 157.0, 236.0, 463.0, 537.0, 980.0, 923.0, 1262.0, 1244.0, 1464.0, 1727.0, 1732.0, 2165.0, 2565.0, 2461.0, 3653.0, 8207.0, 5105.0, 5434.0, 4457.0, 4275.0]
[1.0, 108.0, 219.0, 409.0, 537.0, 687.0, 956.0, 1101.0, 1362.0, 1528.0, 2181.0, 2049.0, 1869.0, 2029.0, 2252.0, 2506.0, 2691.0, 3058.0, 3477.0, 3751.0, 4614.0]
[1.0, 114.0, 261.0, 382.0, 543.0, 816.0, 940.0, 1059.0, 1228.0, 1722.0, 1999.0, 2216.0, 3960.0, 5238.0, 3387.0, 3292.0, 3336.0, 3803.0, 4144.0, 4411.0, 4537.0]
[1.0, 134.0, 285.0, 406.0, 724.0, 1083.0, 1129.0, 1077.0, 1222.0, 1322.0, 5055.0, 3014.0, 2288.0, 2796.0, 3846.0, 3835.0, 3475.0, 3235.0, 3708.0, 3805.0, 4097.0]
[1.0, 107.0, 248.0, 358.0, 520.0, 687.0, 825.0, 1080.0, 1550.0, 1424.0, 1895.0, 1989.0, 2210.0, 2390.0, 2529.0, 3017.0, 2993.0, 4376.0, 4655.0, 4195.0, 5666.0]
[1.0, 107.0, 272.0, 627.0, 525.0, 773.0, 912.0, 1186.0, 1581.0, 1491.0, 1662.0, 3164.0, 3310.0, 3192.0, 2964.0, 4101.0, 3806.0, 4432.0, 5647.0, 4039.0, 4480.0]
[1.0, 129.0, 239.0, 395.0, 564.0, 1201.0, 1073.0, 1395.0, 1543.0, 1816.0, 2285.0, 3056.0, 2646.0, 2819.0, 3193.0, 3455.0, 6121.0, 4100.0, 4495.0, 4592.0, 4880.0]
[2.0, 117.0, 307.0, 449.0, 624.0, 820.0, 1019.0, 1295.0, 1506.0, 1719.0, 1922.0, 2229.0, 2978.0, 4646.0, 5651.0, 5135.0, 4304.0, 4599.0, 4891.0, 4956.0, 5620.0]
[1.0, 136.0, 251.0, 334.0, 586.0, 920.0, 816.0, 1270.0, 1363.0, 1609.0, 1571.0, 1808.0, 2042.0, 2200.0, 2530.0, 2775.0, 2880.0, 3277.0, 3420.0, 3542.0, 3956.0]
[1.0, 87.0, 195.0, 392.0, 504.0, 616.0, 791.0, 985.0, 1200.0, 1277.0, 1604.0, 1824.0, 1858.0, 2261.0, 2499.0, 2580.0, 2711.0, 3162.0, 3429.0, 3927.0, 4188.0]
[1.0, 91.0, 246.0, 347.0, 521.0, 647.0, 795.0, 991.0, 1264.0, 1471.0, 1598.0, 1782.0, 2256.0, 2260.0, 2336.0, 2742.0, 3144.0, 3066.0, 3283.0, 3779.0, 3791.0]
[1.0, 89.0, 201.0, 356.0, 475.0, 613.0, 780.0, 964.0, 1374.0, 1797.0, 3828.0, 3420.0, 2759.0, 2381.0, 2923.0, 2663.0, 3460.0, 3730.0, 3488.0, 4080.0, 4381.0]
[1.0, 136.0, 277.0, 373.0, 600.0, 780.0, 937.0, 1266.0, 1350.0, 1638.0, 1966.0, 1937.0, 2959.0, 2683.0, 2520.0, 2894.0, 3335.0, 6737.0, 7176.0, 4433.0, 4833.0]
[1.0, 108.0, 234.0, 420.0, 547.0, 692.0, 894.0, 1046.0, 1468.0, 1426.0, 1665.0, 1846.0, 2168.0, 2311.0, 2516.0, 2674.0, 3079.0, 3416.0, 3777.0, 3888.0, 4309.0]
[1.0, 94.0, 233.0, 410.0, 564.0, 732.0, 917.0, 1030.0, 1199.0, 1498.0, 1656.0, 1882.0, 2040.0, 2484.0, 2536.0, 2778.0, 3015.0, 3547.0, 3550.0, 4203.0, 4263.0]
[1.0, 113.0, 247.0, 398.0, 579.0, 711.0, 873.0, 1119.0, 1362.0, 1534.0, 1750.0, 1955.0, 2176.0, 2404.0, 2671.0, 2704.0, 2946.0, 3192.0, 3777.0, 3898.0, 4288.0]
[1.0, 91.0, 216.0, 376.0, 495.0, 669.0, 821.0, 1070.0, 1347.0, 1450.0, 1788.0, 1990.0, 2077.0, 2378.0, 2673.0, 2911.0, 3155.0, 3344.0, 3583.0, 4262.0, 4037.0]
[1.0, 87.0, 212.0, 387.0, 522.0, 740.0, 863.0, 1073.0, 1335.0, 1687.0, 1732.0, 1954.0, 2882.0, 2418.0, 2895.0, 2835.0, 3428.0, 3522.0, 3877.0, 4458.0, 4806.0]
[1.0, 103.0, 250.0, 426.0, 621.0, 1659.0, 1219.0, 1384.0, 1816.0, 1924.0, 2185.0, 2190.0, 2407.0, 3022.0, 3153.0, 2637.0, 78511.0, 5505.0, 4741.0, 3806.0, 6370.0]
[3.0, 135.0, 240.0, 522.0, 617.0, 834.0, 1060.0, 1231.0, 1937.0, 1987.0, 2082.0, 2369.0, 2886.0, 3317.0, 3292.0, 3373.0, 4219.0, 4630.0, 4570.0, 5572.0, 6697.0]
[1.0, 136.0, 336.0, 631.0, 712.0, 881.0, 1319.0, 1593.0, 1914.0, 1591.0, 1573.0, 1785.0, 1982.0, 2607.0, 2683.0, 3410.0, 3815.0, 4223.0, 4372.0, 5989.0, 6118.0]
[1.0, 127.0, 274.0, 599.0, 697.0, 1476.0, 1099.0, 1605.0, 1961.0, 2021.0, 2331.0, 2482.0, 3300.0, 3244.0, 3334.0, 3895.0, 4230.0, 4483.0, 4624.0, 5464.0, 5262.0]
[1.0, 117.0, 283.0, 490.0, 630.0, 856.0, 1115.0, 1635.0, 1322.0, 1504.0, 1544.0, 1793.0, 2054.0, 2199.0, 2379.0, 2621.0, 2851.0, 3156.0, 3369.0, 3567.0, 3798.0]
[1.0, 95.0, 209.0, 371.0, 485.0, 672.0, 817.0, 1010.0, 1192.0, 1399.0, 1567.0, 1800.0, 2026.0, 2228.0, 2474.0, 2650.0, 2931.0, 3181.0, 3362.0, 3653.0, 3867.0]
[2.0, 92.0, 205.0, 386.0, 514.0, 647.0, 824.0, 1015.0, 1227.0, 1370.0, 1583.0, 1823.0, 1982.0, 2181.0, 2517.0, 2632.0, 2937.0, 3113.0, 3385.0, 3944.0, 4315.0]
[1.0, 92.0, 221.0, 385.0, 500.0, 667.0, 826.0, 1044.0, 1197.0, 1405.0, 1603.0, 1791.0, 2065.0, 2234.0, 2447.0, 2613.0, 2878.0, 3165.0, 3378.0, 3680.0, 3785.0]
[1.0, 97.0, 207.0, 394.0, 495.0, 675.0, 833.0, 1032.0, 1198.0, 1413.0, 1781.0, 1795.0, 1990.0, 2240.0, 2463.0, 2720.0, 2956.0, 3150.0, 3409.0, 3736.0, 3871.0]
[1.0, 94.0, 216.0, 391.0, 507.0, 666.0, 855.0, 1000.0, 1178.0, 1394.0, 1572.0, 1790.0, 2083.0, 2192.0, 2489.0, 2687.0, 3013.0, 3098.0, 3329.0, 3679.0, 4097.0]
[1.0, 115.0, 228.0, 382.0, 527.0, 671.0, 833.0, 1022.0, 1186.0, 1422.0, 1571.0, 1802.0, 2016.0, 2228.0, 2447.0, 2631.0, 2958.0, 3115.0, 3367.0, 3685.0, 3859.0]
[1.0, 96.0, 223.0, 380.0, 502.0, 682.0, 833.0, 999.0, 1173.0, 1447.0, 1555.0, 1802.0, 2031.0, 2249.0, 2439.0, 2660.0, 2952.0, 3180.0, 3377.0, 3620.0, 3928.0]
[1.0, 106.0, 216.0, 394.0, 536.0, 676.0, 852.0, 1052.0, 1235.0, 1445.0, 1596.0, 1809.0, 2025.0, 2283.0, 2495.0, 2736.0, 2951.0, 3173.0, 3298.0, 3536.0, 3938.0]
[1.0, 98.0, 216.0, 390.0, 506.0, 654.0, 849.0, 1024.0, 1191.0, 1357.0, 1565.0, 1888.0, 2010.0, 2240.0, 2460.0, 2647.0, 2889.0, 3073.0, 3546.0, 3739.0, 3896.0]
[1.0, 109.0, 224.0, 382.0, 515.0, 696.0, 826.0, 1015.0, 1180.0, 1378.0, 1578.0, 1802.0, 2338.0, 3118.0, 2638.0, 2696.0, 3023.0, 3206.0, 3278.0, 4300.0, 5308.0]
[1.0, 130.0, 232.0, 380.0, 579.0, 736.0, 1184.0, 1289.0, 1360.0, 1664.0, 1683.0, 2187.0, 2334.0, 2652.0, 2708.0, 3095.0, 3543.0, 4185.0, 5492.0, 4762.0, 5060.0]
[2.0, 104.0, 237.0, 640.0, 1865.0, 1032.0, 901.0, 1046.0, 1237.0, 1454.0, 1666.0, 2239.0, 2087.0, 2529.0, 2516.0, 2778.0, 3263.0, 3261.0, 3490.0, 4099.0, 4424.0]
[1.0, 105.0, 230.0, 388.0, 533.0, 727.0, 897.0, 1052.0, 1214.0, 1416.0, 1591.0, 2028.0, 2213.0, 2305.0, 2530.0, 2887.0, 3297.0, 3272.0, 3638.0, 3887.0, 4601.0]
[1.0, 110.0, 239.0, 492.0, 544.0, 714.0, 846.0, 1087.0, 1391.0, 1453.0, 1607.0, 1852.0, 2062.0, 2363.0, 2735.0, 3050.0, 2975.0, 3246.0, 3435.0, 4494.0, 4583.0]
[1.0, 98.0, 221.0, 416.0, 588.0, 732.0, 896.0, 1177.0, 1416.0, 1917.0, 1854.0, 1951.0, 2104.0, 2281.0, 3213.0, 2937.0, 3049.0, 3812.0, 4227.0, 7851.0, 4586.0]
[1.0, 129.0, 232.0, 412.0, 594.0, 761.0, 908.0, 1406.0, 1471.0, 1552.0, 1766.0, 2072.0, 2875.0, 3013.0, 3333.0, 2880.0, 3123.0, 3137.0, 3417.0, 3922.0, 3891.0]
[2.0, 173.0, 342.0, 440.0, 575.0, 701.0, 851.0, 1030.0, 1254.0, 1517.0, 1841.0, 2187.0, 2054.0, 2595.0, 2716.0, 3725.0, 3487.0, 3871.0, 4765.0, 5682.0, 6108.0]
[1.0, 104.0, 242.0, 418.0, 724.0, 687.0, 866.0, 1241.0, 1276.0, 1450.0, 1853.0, 2106.0, 2074.0, 2216.0, 2918.0, 3138.0, 4277.0, 3832.0, 4008.0, 5866.0, 5962.0]
[1.0, 109.0, 236.0, 439.0, 602.0, 2177.0, 3178.0, 2518.0, 4587.0, 3510.0, 2502.0, 7148.0, 3673.0, 5268.0, 4507.0, 4832.0, 6053.0, 8629.0, 4607.0, 5411.0, 8974.0]
[2.0, 118.0, 300.0, 807.0, 877.0, 1016.0, 1361.0, 1631.0, 1829.0, 1880.0, 2379.0, 2607.0, 2606.0, 3548.0, 3649.0, 3687.0, 4200.0, 4489.0, 5563.0, 5258.0, 7362.0]
[5.0, 239.0, 879.0, 651.0, 932.0, 1161.0, 1205.0, 1804.0, 2135.0, 2332.0, 2487.0, 2918.0, 2973.0, 3146.0, 3983.0, 4764.0, 4370.0, 4374.0, 5025.0, 4440.0, 4739.0]
[1.0, 120.0, 279.0, 467.0, 600.0, 788.0, 1066.0, 1263.0, 1528.0, 1750.0, 1923.0, 2200.0, 2559.0, 2680.0, 4219.0, 4150.0, 5237.0, 5011.0, 5964.0, 5340.0, 4820.0]
[1.0, 104.0, 251.0, 1193.0, 1523.0, 1100.0, 1280.0, 1808.0, 3171.0, 1920.0, 2243.0, 2337.0, 2187.0, 2743.0, 2904.0, 3755.0, 3712.0, 3552.0, 4266.0, 5360.0, 6542.0]
[1.0, 116.0, 247.0, 479.0, 731.0, 897.0, 1451.0, 1429.0, 1310.0, 1639.0, 2080.0, 2255.0, 2395.0, 2646.0, 2781.0, 3161.0, 3783.0, 4227.0, 4215.0, 4182.0, 4616.0]
[1.0, 107.0, 245.0, 496.0, 764.0, 892.0, 1041.0, 1231.0, 1510.0, 2311.0, 2221.0, 3057.0, 2428.0, 2579.0, 2911.0, 3323.0, 3295.0, 3615.0, 4847.0, 4268.0, 4486.0]
[1.0, 108.0, 272.0, 566.0, 700.0, 800.0, 1049.0, 1226.0, 1416.0, 1650.0, 2046.0, 2075.0, 2321.0, 2582.0, 2818.0, 3319.0, 3454.0, 3857.0, 4091.0, 5130.0, 4562.0]
[1.0, 115.0, 272.0, 551.0, 655.0, 767.0, 995.0, 1202.0, 1402.0, 1813.0, 2000.0, 2316.0, 2453.0, 2776.0, 2935.0, 3739.0, 3590.0, 3690.0, 4041.0, 4444.0, 5357.0]
[1.0, 115.0, 258.0, 451.0, 591.0, 777.0, 993.0, 1365.0, 1527.0, 2174.0, 2046.0, 2278.0, 2910.0, 2607.0, 3185.0, 3222.0, 3817.0, 3747.0, 4396.0, 4592.0, 5018.0]
[1.0, 115.0, 253.0, 453.0, 652.0, 1009.0, 1374.0, 1297.0, 1758.0, 1793.0, 2412.0, 2167.0, 2316.0, 2716.0, 3155.0, 3246.0, 3362.0, 4023.0, 4304.0, 4956.0, 4889.0]
[1.0, 177.0, 285.0, 510.0, 601.0, 792.0, 947.0, 1196.0, 1421.0, 1605.0, 2023.0, 2530.0, 2842.0, 3026.0, 3177.0, 3429.0, 3916.0, 3926.0, 4023.0, 5621.0, 5291.0]
[1.0, 117.0, 283.0, 484.0, 657.0, 904.0, 1008.0, 1214.0, 1399.0, 1833.0, 1926.0, 2495.0, 2660.0, 3092.0, 2918.0, 3576.0, 3852.0, 3681.0, 4121.0, 4509.0, 5035.0]
[1.0, 122.0, 257.0, 461.0, 748.0, 962.0, 1112.0, 1451.0, 1418.0, 1778.0, 1833.0, 2412.0, 2287.0, 2659.0, 3016.0, 3886.0, 3775.0, 6537.0, 6130.0, 7076.0, 6006.0]
[2.0, 326.0, 505.0, 622.0, 676.0, 1273.0, 1047.0, 1589.0, 2258.0, 2524.0, 2580.0, 2681.0, 2949.0, 4502.0, 4318.0, 5413.0, 6467.0, 7189.0, 7535.0, 9233.0, 8741.0]
[4.0, 197.0, 508.0, 846.0, 1125.0, 1445.0, 1984.0, 3016.0, 2605.0, 3003.0, 3386.0, 2766.0, 3330.0, 3567.0, 3725.0, 3982.0, 3880.0, 4162.0, 4837.0, 6396.0, 5620.0]
[1.0, 135.0, 319.0, 512.0, 652.0, 957.0, 1141.0, 1401.0, 1601.0, 1863.0, 2097.0, 2430.0, 2761.0, 3120.0, 3246.0, 3586.0, 3829.0, 4140.0, 4437.0, 5052.0, 5222.0]
[1.0, 132.0, 289.0, 523.0, 690.0, 895.0, 1194.0, 1524.0, 2198.0, 1914.0, 2120.0, 2494.0, 2741.0, 3050.0, 3375.0, 3545.0, 3934.0, 4241.0, 4559.0, 5101.0, 5148.0]
[2.0, 142.0, 279.0, 556.0, 685.0, 909.0, 1153.0, 1334.0, 1620.0, 1875.0, 2245.0, 2524.0, 2750.0, 3033.0, 3228.0, 3641.0, 3888.0, 4302.0, 4574.0, 5068.0, 5178.0]
[1.0, 137.0, 308.0, 662.0, 1102.0, 1056.0, 1159.0, 1446.0, 1719.0, 1856.0, 1728.0, 1988.0, 2216.0, 2566.0, 2741.0, 4314.0, 3702.0, 3956.0, 4073.0, 4494.0, 4739.0]
[1.0, 118.0, 271.0, 508.0, 626.0, 844.0, 1028.0, 1252.0, 1492.0, 1702.0, 1966.0, 2217.0, 2531.0, 2791.0, 3026.0, 3277.0, 3623.0, 4078.0, 4211.0, 4520.0, 5898.0]
[3.0, 143.0, 284.0, 521.0, 643.0, 1057.0, 1154.0, 1461.0, 1608.0, 1735.0, 1978.0, 2477.0, 3320.0, 3186.0, 2936.0, 3009.0, 3253.0, 3383.0, 4672.0, 7346.0, 5951.0]
[1.0, 204.0, 330.0, 779.0, 1123.0, 1664.0, 1923.0, 2339.0, 1635.0, 2524.0, 1918.0, 3277.0, 2594.0, 3104.0, 4939.0, 6147.0, 5556.0, 4099.0, 5709.0, 4466.0, 5726.0]
[1.0, 115.0, 251.0, 457.0, 576.0, 774.0, 930.0, 1829.0, 1733.0, 1819.0, 2232.0, 2258.0, 2862.0, 2945.0, 3284.0, 3277.0, 4672.0, 4656.0, 4996.0, 7117.0, 5373.0]
[1.0, 139.0, 291.0, 485.0, 714.0, 911.0, 1067.0, 1485.0, 1642.0, 1905.0, 2290.0, 2476.0, 2833.0, 3004.0, 3294.0, 5345.0, 9470.0, 9304.0, 7249.0, 10487.0, 8813.0]
[1.0, 154.0, 371.0, 604.0, 722.0, 1021.0, 1824.0, 1647.0, 2629.0, 3670.0, 4392.0, 4123.0, 2814.0, 3308.0, 4159.0, 5019.0, 6561.0, 6321.0, 4741.0, 5045.0, 6685.0]
[1.0, 184.0, 286.0, 450.0, 680.0, 1796.0, 1145.0, 2014.0, 2101.0, 3708.0, 2498.0, 3026.0, 3333.0, 3021.0, 6291.0, 5001.0, 3936.0, 4207.0, 4541.0, 5123.0, 5759.0]
[1.0, 241.0, 286.0, 506.0, 676.0, 874.0, 1131.0, 1597.0, 1643.0, 1860.0, 2083.0, 2477.0, 2700.0, 2913.0, 2954.0, 4207.0, 3790.0, 4759.0, 4388.0, 4949.0, 5008.0]
[1.0, 131.0, 291.0, 1993.0, 696.0, 1295.0, 1271.0, 2789.0, 1625.0, 4220.0, 9136.0, 6968.0, 9526.0, 10374.0, 12719.0, 18769.0, 25583.0, 52821.0, 7611.0, 5079.0, 778661.0]
[1.0, 113.0, 317.0, 473.0, 675.0, 912.0, 1296.0, 1493.0, 1722.0, 1948.0, 2134.0, 660130.0, 2365.0, 4236.0, 4684.0, 4207.0, 4803.0, 5320.0, 6530.0, 6354.0, 8116.0]
[3.0, 208.0, 520.0, 815.0, 1180.0, 1552.0, 1910.0, 2402.0, 2872.0, 3579.0, 3538.0, 3978.0, 4787.0, 5213.0, 5811.0, 6228.0, 5562.0, 6102.0, 6169.0, 5962.0, 5973.0]
[2.0, 171.0, 374.0, 605.0, 854.0, 1115.0, 1407.0, 1712.0, 1953.0, 2260.0, 2632.0, 3089.0, 3332.0, 3665.0, 3906.0, 4403.0, 4962.0, 5026.0, 5344.0, 7107.0, 18667.0]
[6.0, 474.0, 1226.0, 1862.0, 2599.0, 3285.0, 3988.0, 5141.0, 5942.0, 6816.0, 5862.0, 3967.0, 4019.0, 4210.0, 700035.0, 3452.0, 3789.0, 4388.0, 2404636.0, 4998.0, 7400.0]
[3.0, 206.0, 417.0, 711.0, 935.0, 1052.0, 2400806.0, 1985.0, 1920.0, 4547.0, 2600.0, 2527.0, 2402425.0, 2717.0, 4084.0, 3712.0, 3954.0, 3667.0, 4103.0, 4852.0, 5265.0]
[2.0, 133.0, 309.0, 530.0, 697.0, 1017.0, 1258.0, 1415.0, 1690.0, 1955.0, 2170.0, 2432.0, 2767.0, 2989.0, 3591.0, 3527.0, 3919.0, 4431.0, 4568.0, 4732.0, 5120.0]
[2.0, 136.0, 307.0, 580.0, 754.0, 986.0, 1212.0, 1392.0, 1673.0, 2007.0, 2151.0, 2461.0, 2970.0, 3119.0, 3629.0, 3635.0, 4062.0, 4502.0, 4518.0, 4975.0, 5472.0]
[2.0, 152.0, 329.0, 539.0, 715.0, 950.0, 1170.0, 1371.0, 1661.0, 1966.0, 2250.0, 2448.0, 2822.0, 3039.0, 3586.0, 4167.0, 4732.0, 4964.0, 4692.0, 5028.0, 5461.0]
[2.0, 149.0, 322.0, 575.0, 741.0, 977.0, 1153.0, 1378.0, 1685.0, 2029.0, 2276.0, 2558.0, 2844.0, 3021.0, 3743.0, 3644.0, 4055.0, 4656.0, 4742.0, 4937.0, 5342.0]
[2.0, 146.0, 315.0, 542.0, 728.0, 946.0, 1284.0, 1433.0, 1677.0, 2058.0, 2225.0, 2503.0, 2862.0, 3031.0, 3654.0, 3743.0, 3992.0, 4868.0, 5045.0, 5000.0, 5483.0]
[2.0, 156.0, 328.0, 553.0, 709.0, 987.0, 1186.0, 1457.0, 1803.0, 2017.0, 2290.0, 2512.0, 2861.0, 3052.0, 3725.0, 3792.0, 3989.0, 4782.0, 4655.0, 4820.0, 5413.0]
[2.0, 142.0, 321.0, 528.0, 720.0, 961.0, 1176.0, 1388.0, 1744.0, 2104.0, 2289.0, 2485.0, 2869.0, 3141.0, 3743.0, 3861.0, 4180.0, 4691.0, 4651.0, 4989.0, 5449.0]
[2.0, 146.0, 332.0, 559.0, 716.0, 1015.0, 1208.0, 1451.0, 1667.0, 2099.0, 2294.0, 2524.0, 2901.0, 3144.0, 3698.0, 3719.0, 4230.0, 4595.0, 4691.0, 4931.0, 5446.0]
[2.0, 156.0, 334.0, 554.0, 747.0, 1003.0, 1173.0, 1536.0, 1819.0, 2025.0, 2279.0, 2487.0, 3160.0, 3464.0, 5053.0, 7756.0, 7354.0, 5563.0, 4664.0, 4901.0, 5779.0]
[3.0, 174.0, 381.0, 666.0, 961.0, 1353.0, 1850.0, 2573.0, 4017.0, 5209.0, 4079.0, 3384.0, 3150.0, 3250.0, 3670.0, 3914.0, 5080.0, 10264.0, 10789.0, 6991.0, 6746.0]
[2.0, 142.0, 342.0, 601.0, 823.0, 1680.0, 1895.0, 1933.0, 1599.0, 1858.0, 2120.0, 2172.0, 2743.0, 4388.0, 3288.0, 3239.0, 3812.0, 4250.0, 4689.0, 5104.0, 4290.0]
[2.0, 117.0, 276.0, 439.0, 631.0, 1288.0, 1636.0, 1304.0, 1682.0, 2331.0, 1933.0, 2285.0, 2929.0, 5130.0, 3555.0, 3467.0, 3714.0, 4258.0, 4085.0, 4051.0, 4598.0]
[2.0, 122.0, 300.0, 480.0, 601.0, 811.0, 985.0, 1173.0, 1865.0, 2673.0, 2968.0, 2398.0, 2838.0, 2548.0, 2973.0, 3025.0, 3332.0, 3728.0, 3827.0, 4093.0, 4394.0]
[2.0, 132.0, 271.0, 459.0, 611.0, 807.0, 983.0, 1195.0, 1462.0, 1614.0, 1847.0, 2074.0, 2376.0, 2576.0, 2916.0, 3246.0, 3312.0, 3913.0, 3819.0, 4235.0, 4451.0]
[2.0, 129.0, 282.0, 479.0, 608.0, 805.0, 1015.0, 1187.0, 1422.0, 1638.0, 1879.0, 2134.0, 2352.0, 2648.0, 2931.0, 3110.0, 3401.0, 3652.0, 3864.0, 4139.0, 4379.0]
[2.0, 127.0, 278.0, 458.0, 636.0, 813.0, 1001.0, 1183.0, 1397.0, 1672.0, 1831.0, 2133.0, 2341.0, 2690.0, 2939.0, 3121.0, 3317.0, 3796.0, 3821.0, 4135.0, 4405.0]
[2.0, 130.0, 276.0, 465.0, 611.0, 840.0, 995.0, 1178.0, 1430.0, 1674.0, 1912.0, 2143.0, 2384.0, 2616.0, 2914.0, 3101.0, 3351.0, 3724.0, 3828.0, 4048.0, 4365.0]
[2.0, 122.0, 286.0, 452.0, 622.0, 824.0, 1008.0, 1188.0, 1413.0, 1669.0, 1913.0, 2107.0, 2372.0, 2545.0, 2884.0, 3129.0, 3513.0, 3804.0, 3833.0, 4064.0, 4422.0]
[2.0, 127.0, 284.0, 461.0, 612.0, 825.0, 997.0, 1170.0, 1405.0, 1613.0, 1868.0, 2080.0, 2441.0, 2556.0, 2982.0, 3152.0, 3401.0, 3774.0, 3855.0, 4202.0, 4424.0]
[2.0, 132.0, 269.0, 469.0, 617.0, 829.0, 1001.0, 1188.0, 1443.0, 1665.0, 1847.0, 2096.0, 2390.0, 2610.0, 2993.0, 3048.0, 3358.0, 3688.0, 4513.0, 4480.0, 4447.0]
[2.0, 121.0, 282.0, 444.0, 616.0, 823.0, 1034.0, 1205.0, 1424.0, 1677.0, 1878.0, 2131.0, 3084.0, 2670.0, 2927.0, 3121.0, 3417.0, 3816.0, 3940.0, 4184.0, 4345.0]
[2.0, 127.0, 277.0, 511.0, 618.0, 842.0, 1030.0, 1168.0, 1420.0, 1705.0, 1877.0, 2129.0, 2414.0, 2643.0, 2982.0, 3157.0, 3313.0, 3699.0, 3887.0, 4188.0, 4453.0]
[2.0, 123.0, 277.0, 477.0, 635.0, 826.0, 1022.0, 1191.0, 1417.0, 1680.0, 1901.0, 2124.0, 2388.0, 2604.0, 2896.0, 3164.0, 3506.0, 3808.0, 3998.0, 4321.0, 4442.0]
[2.0, 136.0, 292.0, 467.0, 667.0, 832.0, 1034.0, 1205.0, 1432.0, 1662.0, 1879.0, 2101.0, 2449.0, 2592.0, 3098.0, 3129.0, 3741.0, 3782.0, 3963.0, 4088.0, 4498.0]
[2.0, 124.0, 286.0, 459.0, 639.0, 839.0, 1098.0, 1218.0, 1453.0, 1734.0, 1902.0, 2132.0, 2833.0, 4173.0, 4232.0, 4578.0, 5090.0, 8577.0, 9224.0, 6851.0, 5402.0]
[2.0, 153.0, 352.0, 550.0, 733.0, 1241.0, 1964.0, 1471.0, 1752.0, 2114.0, 2279.0, 2562.0, 2955.0, 3079.0, 3655.0, 4681.0, 4339.0, 3878.0, 5440.0, 6705.0, 8019.0]
[2.0, 173.0, 452.0, 646.0, 915.0, 1230.0, 1427.0, 1700.0, 2057.0, 2177.0, 2555.0, 2712.0, 3269.0, 3478.0, 3827.0, 4181.0, 4723.0, 5212.0, 4897.0, 5613.0, 6057.0]
[2.0, 160.0, 386.0, 623.0, 805.0, 1067.0, 1286.0, 1712.0, 1884.0, 2218.0, 3080.0, 2744.0, 3159.0, 3415.0, 4004.0, 4226.0, 4654.0, 5120.0, 7491.0, 16428.0, 9281.0]
[2.0, 202.0, 595.0, 834.0, 1031.0, 1393.0, 1997.0, 2340.0, 2906.0, 3692.0, 3870.0, 3594.0, 9166.0, 5379.0, 8926.0, 6862.0, 6572.0, 6344.0, 6577.0, 5260.0, 7548.0]
[2.0, 209.0, 471.0, 862.0, 1010.0, 1686.0, 1302.0, 1485.0, 1771.0, 1954.0, 2263.0, 2674.0, 3171.0, 3687.0, 3669.0, 3792.0, 4488.0, 4989.0, 4842.0, 6447.0, 6425.0]
[2.0, 157.0, 344.0, 588.0, 752.0, 1014.0, 1235.0, 1444.0, 1746.0, 2279.0, 2517.0, 2671.0, 3419.0, 3159.0, 3896.0, 4736.0, 4667.0, 4985.0, 5126.0, 5483.0, 5104.0]
[2.0, 152.0, 336.0, 537.0, 722.0, 938.0, 1215.0, 1430.0, 1741.0, 2411.0, 2636.0, 2621.0, 3836.0, 3738.0, 4107.0, 5088.0, 4853.0, 5301.0, 4744.0, 5974.0, 5764.0]
[2.0, 148.0, 325.0, 610.0, 797.0, 1108.0, 1289.0, 1471.0, 1714.0, 2110.0, 2337.0, 2506.0, 3065.0, 3864.0, 3647.0, 4144.0, 4423.0, 5398.0, 4968.0, 5415.0, 5835.0]
[2.0, 170.0, 359.0, 611.0, 752.0, 1109.0, 1206.0, 1503.0, 1801.0, 2363.0, 2369.0, 2626.0, 2959.0, 3204.0, 3535.0, 3779.0, 4019.0, 5335.0, 6365.0, 5892.0, 5824.0]
[2.0, 171.0, 362.0, 607.0, 744.0, 985.0, 1267.0, 1421.0, 1688.0, 2707.0, 2703.0, 2793.0, 3451.0, 3921.0, 7169.0, 4614.0, 5765.0, 5492.0, 7776.0, 5218.0, 6081.0]
[2.0, 193.0, 357.0, 633.0, 869.0, 1420.0, 1566.0, 2376.0, 4296.0, 2914.0, 2443.0, 2792.0, 3463.0, 3161.0, 3885.0, 3819.0, 5316.0, 5438.0, 5836.0, 6025.0, 5882.0]
[2.0, 149.0, 338.0, 579.0, 723.0, 1079.0, 1342.0, 1480.0, 1725.0, 1938.0, 2202.0, 2499.0, 2845.0, 2989.0, 3912.0, 4251.0, 4390.0, 4824.0, 5151.0, 6831.0, 6737.0]
[2.0, 162.0, 360.0, 596.0, 765.0, 1068.0, 1281.0, 1510.0, 1784.0, 2200.0, 3245.0, 4428.0, 2768.0, 3223.0, 4334.0, 4458.0, 4372.0, 4860.0, 4784.0, 5265.0, 5387.0]
[3.0, 156.0, 396.0, 625.0, 936.0, 1063.0, 1282.0, 1446.0, 1629.0, 2049.0, 2219.0, 2419.0, 2868.0, 3142.0, 3715.0, 3710.0, 4390.0, 4687.0, 4462.0, 4858.0, 5006.0]
[2.0, 145.0, 322.0, 525.0, 700.0, 954.0, 1170.0, 1372.0, 1635.0, 1866.0, 2356.0, 2511.0, 2838.0, 3015.0, 3478.0, 3727.0, 4129.0, 4344.0, 4459.0, 4934.0, 5482.0]
[2.0, 148.0, 342.0, 553.0, 881.0, 1150.0, 1491.0, 1451.0, 1699.0, 1996.0, 2253.0, 2436.0, 2862.0, 3621.0, 3642.0, 3625.0, 3995.0, 4732.0, 4835.0, 4848.0, 5143.0]
[2.0, 148.0, 322.0, 540.0, 712.0, 966.0, 1216.0, 1407.0, 1685.0, 1832.0, 2036.0, 2178.0, 2416.0, 2638.0, 2999.0, 3249.0, 3445.0, 3883.0, 3969.0, 4483.0, 4826.0]
[2.0, 212.0, 387.0, 501.0, 676.0, 896.0, 1102.0, 1278.0, 1491.0, 1819.0, 2049.0, 2195.0, 2497.0, 2709.0, 3024.0, 3601.0, 3521.0, 3835.0, 3971.0, 4231.0, 4619.0]
[2.0, 138.0, 323.0, 518.0, 639.0, 843.0, 1059.0, 1231.0, 1477.0, 1715.0, 1917.0, 2171.0, 2438.0, 2682.0, 2967.0, 3162.0, 3440.0, 3815.0, 3936.0, 4222.0, 4546.0]
[2.0, 135.0, 298.0, 485.0, 647.0, 845.0, 1044.0, 1223.0, 1474.0, 1693.0, 1911.0, 2171.0, 2584.0, 3197.0, 3330.0, 3185.0, 3440.0, 3851.0, 3921.0, 4202.0, 4747.0]
[2.0, 130.0, 302.0, 482.0, 661.0, 873.0, 1163.0, 1300.0, 1505.0, 2172.0, 1902.0, 2239.0, 2444.0, 2650.0, 2957.0, 3145.0, 3467.0, 3758.0, 3924.0, 4204.0, 4469.0]
[2.0, 138.0, 300.0, 484.0, 640.0, 844.0, 1061.0, 1211.0, 1474.0, 1697.0, 1914.0, 2175.0, 2404.0, 2690.0, 3043.0, 3212.0, 3474.0, 3842.0, 3952.0, 4229.0, 4567.0]
[2.0, 133.0, 304.0, 475.0, 643.0, 868.0, 1056.0, 1233.0, 1481.0, 1705.0, 1913.0, 2170.0, 2476.0, 2677.0, 3041.0, 3295.0, 3512.0, 3820.0, 4001.0, 4244.0, 4534.0]
[2.0, 134.0, 297.0, 479.0, 650.0, 851.0, 1067.0, 1253.0, 1470.0, 1701.0, 1926.0, 2235.0, 2453.0, 2654.0, 3002.0, 3154.0, 3432.0, 3806.0, 3937.0, 4220.0, 4572.0]
[2.0, 137.0, 298.0, 484.0, 639.0, 862.0, 1057.0, 1230.0, 1479.0, 1716.0, 1965.0, 2222.0, 2544.0, 2694.0, 3043.0, 3196.0, 3515.0, 3836.0, 3937.0, 4287.0, 4554.0]
[2.0, 137.0, 303.0, 492.0, 657.0, 864.0, 1073.0, 1242.0, 1477.0, 1724.0, 1929.0, 2210.0, 2437.0, 2660.0, 3006.0, 3227.0, 3472.0, 3826.0, 3995.0, 4277.0, 4636.0]
[2.0, 136.0, 306.0, 484.0, 655.0, 857.0, 1071.0, 1252.0, 1499.0, 1709.0, 1970.0, 2202.0, 2472.0, 2714.0, 3003.0, 3205.0, 3545.0, 3835.0, 4025.0, 4288.0, 4633.0]
[2.0, 139.0, 310.0, 490.0, 657.0, 864.0, 1066.0, 1234.0, 1467.0, 1739.0, 1989.0, 2192.0, 2501.0, 2705.0, 3093.0, 3227.0, 3507.0, 3879.0, 4072.0, 4294.0, 4601.0]
[2.0, 141.0, 315.0, 486.0, 662.0, 881.0, 1079.0, 1247.0, 1510.0, 1712.0, 2086.0, 2334.0, 2491.0, 2684.0, 3064.0, 3229.0, 3507.0, 3849.0, 4019.0, 4354.0, 4645.0]
[2.0, 137.0, 299.0, 488.0, 668.0, 868.0, 1091.0, 1254.0, 1507.0, 1754.0, 1951.0, 2219.0, 2486.0, 2723.0, 3030.0, 3188.0, 3546.0, 4110.0, 4045.0, 4333.0, 4623.0]
[2.0, 137.0, 297.0, 506.0, 662.0, 872.0, 1099.0, 1271.0, 1530.0, 1758.0, 1951.0, 2234.0, 2497.0, 2713.0, 3033.0, 3210.0, 3531.0, 3916.0, 4081.0, 4379.0, 4625.0]
[2.0, 139.0, 311.0, 495.0, 661.0, 869.0, 1078.0, 1274.0, 1533.0, 1727.0, 1960.0, 2228.0, 2461.0, 2731.0, 3075.0, 3257.0, 3520.0, 3954.0, 3991.0, 4320.0, 4612.0]
[2.0, 140.0, 312.0, 499.0, 661.0, 886.0, 1076.0, 1269.0, 1518.0, 1747.0, 2006.0, 2213.0, 2527.0, 2788.0, 3037.0, 3265.0, 3547.0, 3880.0, 4079.0, 4365.0, 4625.0]
[2.0, 140.0, 321.0, 495.0, 665.0, 882.0, 1095.0, 1282.0, 1501.0, 1741.0, 1999.0, 2208.0, 2485.0, 2709.0, 3063.0, 3240.0, 3549.0, 3966.0, 4123.0, 4315.0, 4607.0]
[2.0, 139.0, 315.0, 491.0, 678.0, 867.0, 1090.0, 1260.0, 1502.0, 1761.0, 1972.0, 2275.0, 2685.0, 2757.0, 3265.0, 3561.0, 3772.0, 4201.0, 4295.0, 4404.0, 4958.0]
[2.0, 161.0, 322.0, 503.0, 677.0, 880.0, 1097.0, 1325.0, 1516.0, 1772.0, 1999.0, 2219.0, 2572.0, 2760.0, 3124.0, 3290.0, 3617.0, 3926.0, 4056.0, 4302.0, 4669.0]
[2.0, 142.0, 320.0, 501.0, 668.0, 886.0, 1101.0, 1284.0, 1521.0, 1752.0, 1988.0, 2235.0, 2517.0, 2774.0, 3146.0, 3280.0, 3582.0, 3993.0, 4021.0, 4349.0, 4724.0]
[2.0, 143.0, 321.0, 508.0, 669.0, 899.0, 1107.0, 1287.0, 1515.0, 1773.0, 2001.0, 2290.0, 2528.0, 2749.0, 3143.0, 3307.0, 3615.0, 4008.0, 4161.0, 4434.0, 4669.0]